1.850565 3.634742 0.414375 2.771758 3.235158
1.234128 1.549925 4.620505 4.472856 0.787508
3.431181 1.532658 8.420102 6.609052 4.987273
3.571341 5.42593 2.820183 3.126066 1.860824
1.82792 1.607523 1.497061 5.624933 5.101639
5.022077 9.202931 4.962621 5.174564 4.442381
4.164825 2.155925 3.057441 2.394543 2.59495
14.77336 0.2565456 2.788963 2.528761 1.374403
2.359524 2.689622 20.32089 1.278874 3.759564
1.71322 5.793005 12.39759 1.685425 2.312863
2.510714 0.163089 4.06533 1.262848 4.217347
2.3969 5.457457 5.64684 10.10392 4.059694
11.70861 1.406126 1.644511 8.027808 3.84891
3.881605 7.186038 4.552933 4.876514 4.831394
2.470272 1.737 2.144068 2.559774 1.560758
4.927328 0.9475192 2.697547 3.082353 3.057468
1.821856 0.1350267 1.267727 8.195603 0.9324161
1.200864 2.881435 10.8211 2.437932 1.616361
2.003111 5.042815 0.9743143 8.553039 2.316423
2.981277 0.6591524 1.610554 4.340785 7.680448
