4.702855 2.97866 2.33097 7.803335 4.704186
5.636644 8.455084 5.343321 2.792715 3.19477
3.404807 3.627031 4.057707 2.791277 5.189548
6.714813 4.980511 7.337627 2.283327 2.194502
2.217231 1.636981 5.059499 2.320667 2.537494
6.899014 3.23444 4.289251 3.017317 3.773086
3.10095 2.442569 3.98346 4.748131 3.24975
1.831177 3.875027 4.460327 2.482687 5.387901
3.748884 4.046162 4.458289 2.731502 4.758675
3.906279 6.216488 3.436288 3.536166 2.327763
2.44625 4.257518 4.757932 4.981843 1.956192
3.758171 2.678703 2.312185 3.316236 2.71369
4.873494 3.102103 2.552941 6.207673 2.485903
2.206393 3.59431 4.217569 4.712906 5.365204
3.421854 2.209573 3.066964 5.105449 2.99362
7.053403 3.525071 2.879523 1.816399 2.379813
