-1.261918 -0.5939241 -0.501652 -0.06517938 -1.157668
-0.768596 -1.082383 0.559784 -0.2843054 -0.9920369
-1.173911 0.6528313 -0.3456664 1.499477 -0.2772905
-1.065096 -0.09951794 -0.9720813 -0.482794 0.3392616
-0.4129995 -0.2267706 -1.096841 -1.031551 -0.5748162
0.07565187 -0.9290322 -0.349171 -0.3153594 -0.1170483
-0.9318369 -1.01183 0.02262009 0.03572837 -0.3631877
0.339826 0.1461038 -0.2387202 -1.049357 0.4282764
-0.9790955 -0.4604215 -0.8576696 -1.029359 -0.9695782
-0.4017819 0.06447368 -0.283684 -1.018625 -0.6714282
-0.7128301 -1.086409 -0.8603378 -1.039164 -0.2846575
-0.4237127 -0.04579594 0.1346685 -0.7942578 0.03543434
-0.327834 1.233177 -0.4883026 -0.9568195 -0.4972433
-0.3444467 -1.064473 -0.2549016 -0.4556456 -0.9855694
0.5420621 -0.4257603 -0.4414163 -0.1163736 -0.6729292
-0.6838055 -0.8853393 -0.596593 -1.227874 -0.9519393
-0.1733662 0.08823422 -0.429478 -0.7845479 -0.2127707
-0.643474 -0.274411 -0.6233854 -0.953595 -1.097342
-0.3783186 0.815792 -1.04529 -0.7533959 -0.2832885
-0.5354661 -0.03747806 -0.4981499 -0.5643521 -0.755372
-1.270902 -0.4654686 0.08745577 -0.729098 -0.6664326
-1.042476 -1.055739 -0.6314466 -0.322407 -0.7051404
0.3340184 -0.6823868 -0.6015372 -0.2421959 -0.8846097
0.1467701 0.4383194 -0.3857961 -0.3345909 -0.7096757
-0.2905224 -0.650891 -1.162768 -0.8337268 1.089237
-0.8788724 0.1243563 -0.175105 -0.7308772 -1.019677
0.5845838 -0.8702196 -0.8779563 -0.03613173 -0.8734071
-0.9184622 0.2878794 -0.6148302 -0.8537615 1.049832
-0.919296 0.1809007 -0.9682134 -0.752621 -0.1398215
-0.5357223 -0.1103956 -0.8782743 -0.3135664 -0.4476192
