1.961742 5.788019 3.159409 6.014319 1.762923
3.470271 0.1080097 5.589031 10.13763 0.5841919
1.628051 2.055402 1.065046 2.685809 2.282692
2.585246 1.727034 1.173075 2.32483 2.018369
4.132515 2.202232 0.4906808 6.910159 4.84117
0.03795034 1.850768 2.982285 5.291264 1.990052
0.4977519 4.812976 2.20043 7.700605 0.9805662
1.900807 8.435946 2.321552 1.074906 0.7449882
2.464294 3.372397 1.094301 4.145062 1.031097
1.427693 3.911561 4.804661 3.196929 1.216662
0.6832644 0.9232161 7.84329 0.1779616 1.891705
0.4173769 3.060265 9.173554 2.166017 2.196202
2.157379 1.650329 2.724009 2.154484 1.745779
8.371366 0.262955 2.428203 4.966268 3.587217
1.875777 1.913465 1.45212 4.434871 5.899445
3.192592 1.343756 2.231756 1.752457 10.26186
4.32083 5.448266 1.20581 1.551267 1.829065
2.867193 2.107337 6.866775 4.173348 0.4634499
6.050112 4.360786 5.955188 4.115205 3.513798
1.918167 2.45836 3.135904 2.215186 3.365015
