0.9768346 0.9691121 0.9281081 0.969081 0.9641632
0.9703128 0.9739378 0.9568616 0.9549492 0.9697024
0.985109 0.9845127 0.9570132 0.97774 0.9440781
0.9745504 0.9695421 0.9630657 0.9811192 0.9507051
0.972497 0.9360654 0.9332786 0.9763136 0.9662182
0.9742344 0.8953066 0.9687451 0.9596402 0.9692144
0.9445473 0.9680337 0.97622 0.9777735 0.933285
0.9072673 0.9715561 0.9808873 0.981566 0.9669481
0.9787767 0.9725497 0.9735888 0.9343884 0.9914939
0.9878667 0.9707585 0.9863822 0.9658714 0.9692701
0.9616489 0.9407807 0.9513912 0.9863195 0.9729934
0.9599523 0.9638862 0.9788154 0.9499294 0.9759185
0.9746286 0.9842346 0.9520225 0.9287305 0.9376034
0.9735586 0.9810158 0.9485597 0.9675697 0.9864296
0.9722526 0.982939 0.9601157 0.9477651 0.9679962
0.9707744 0.9728633 0.9197247 0.9807535 0.950591
0.9748063 0.9720701 0.9765547 0.9677824 0.9558091
0.9805211 0.9567647 0.935317 0.9590988 0.9371246
0.9363224 0.9581693 0.9599348 0.9490541 0.9226247
0.9901704 0.9528047 0.9714622 0.9716593 0.9525391
0.9678107 0.9774035 0.9495746 0.9685534 0.9540317
0.9658381 0.9508354 0.9517205 0.9766013 0.9107946
0.9696579 0.9364071 0.9715696 0.9798867 0.9609731
0.9501047 0.8957165 0.9855019 0.9839982 0.9644807
