-0.9391538 0.5566535 1.505835 -0.5049396 -0.1658364
1.691545 -0.390878 -0.9133497 0.1427535 0.7967393
2.453813 1.142531 -1.498142 -1.899553 -1.880934
0.87906 0.9330767 -0.9751238 1.312514 0.6646079
0.969631 -1.281499 0.8585431 1.085248 -0.4166714
0.1489184 -1.972447 1.857673 -0.8471623 0.3833395
-0.108295 0.4912558 0.04948197 0.8619842 -0.5863316
0.3844142 3.915433 2.496789 -0.165185 -0.05192545
1.001098 1.102257 -1.165105 -0.7626053 -0.1624667
0.9461101 0.6282238 0.6151082 0.6542685 -0.251369
